20
0
1
13.527 13.527 0
13.527 13.527 0
1
2
13.527 15.3162 0
13.527 15.3162 0
13.527 15.3162 0.17892
11.7378 15.3162 0.17892
2
2
13.527 17.1054 0
13.527 17.1054 0
13.527 17.1054 0.17892
15.3162 17.1054 0.17892
3
1
13.527 18.8946 0
13.527 18.8946 0
4
2
13.527 20.6838 0
13.527 20.6838 0
13.527 20.6838 0.17892
15.3162 20.6838 0.17892
5
1
13.527 22.473 0
13.527 22.473 0
6
1
13.527 24.2622 0
13.527 24.2622 0
7
1
18.8946 13.527 0
18.8946 13.527 0
8
2
18.8946 15.3162 0
18.8946 15.3162 0
18.8946 15.3162 0.17892
17.5527 15.3162 0.17892
9
1
18.8946 17.1054 0
18.8946 17.1054 0
10
1
18.8946 18.8946 0
18.8946 18.8946 0
11
1
18.8946 20.6838 0
18.8946 20.6838 0
12
2
18.8946 22.473 0
18.8946 22.473 0
18.8946 22.473 0.17892
18.8946 23.3676 0.17892
13
1
18.8946 24.2622 0
18.8946 24.2622 0
14
2
26.4987 8.66306 0
26.4987 8.66306 0
26.4987 8.66306 0.17892
26.4987 8.6067 0.17892
15
2
26.4987 12.8895 0
26.4987 12.8895 0
26.4987 12.8895 0.17892
26.4987 13.527 0.17892
16
1
27.3933 21.1874 0
27.3933 21.1874 0
17
1
27.3933 25.4139 0
27.3933 25.4139 0
18
1
23.188 10.7763 0
23.188 10.7763 0
19
1
24.0826 23.3007 0
24.0826 23.3007 0
